7904922776501236397216985568039935749305657081286774372292246898665865191410458386494271932747982131089177579220713998413791730028653783936639721185937328
1846626012120793958237248128540496447449198728982027186655963886511152371104603002683341343904576425696710387459721512323377305225203692420045180374223634
5846777732106930050952254840866972480388092532237575461723943521450552941948406688017602707126151288685696856575786720811933728169292138130895545825546864
7247228641317087568099122026760250247730060568899849230394596378100538011837628170746913253442307736553136657129456523498279802088942720207067368407259786
8201024993377763772443720559972452994687278361341562886446621185116065197802143464224204740416598037433115763583798048614075796622542312864230021047255164
5732805852135858683388366429682511511262550514681066396515590168738810499585472862698516287568976372247475783950263215865194984817238756187648419144998316
922505946388734487602383590779596748660256160948353347476841273880766185391619294963502723100622548268426344355459719739877533260308350390610619191037815
5097589394317707313186493150119446292920176179742475233547547920976816540244729550527521574026658453288164175051476565382180891968745515196141813577795893
4150984067562734378130342822111417872812598039183102940747376641001821017163767033419623078046340038795146454655206607859605469752747636733998499572742094
1896894041083032873824481789409077978987130588313656044876644383887051372891645815521989160571811083871806010691824066995865870152779814803985852011196150
6464159948691061448932999563502534612931855944344252539680540343182261913591491698389036412508397263702716360165576478328894951404261594346930590207378548
3197089448945628799478863308697385644429605030401953657542681462908246607857803077753443158189719801104908310099331568155178612099527256840943745103617461
2562649577141797134695091508273410225080117149609220674195069674275491000853722672755670675084313745867415491415819748214702125421386123465185793269974444
6473914803689291801588705965495116612436128721769373980078143580894945361677423449131337658860487685681611748263353526333146817885313141558162047960711373
2013515320972287821084264363509923809151369770329274692308752717839066331756936270481822743591477261770151515645303358516544843834404635256702908806473548
8702077440086072172311908566256513329840707739063014768742444688827730172574902614131723742156905390814224999776555559832611975924218284011498141839038112
1679855579035757861791182409926098008118580917521006724475956409832831513669558370036716716527083280374040712564511220215090094810265460614635342920371563
1178377831639634021462012203206220960628426409503711061670781833444568083597177245742331206792893680962068204744421052177792904930195757798530709880638654
9408568755295642593289140400768363210689144443809874574501387911526559430009138058649130975964518794550205157599272629451889744328484668822289516299630276
5295442053979067480834531541997095588714236199792229573204127317075012328896751642797964471722412379638999836821216675933073519420162422681419072674334663
4387195617723802920401801896070978303479271409637013693945260199432082832925057148554499849317890613606708387861458571523632108478333112168072151825177475
6440622964047116494265452589886651365046232205695057867111530329970294469825140994278205389108438121321644517085245121645665471892296983473479791090588812
7381016077488709068349817851674404925342464351157422453930720178229731081208700875532017468239822976792125401610112931393101989064756157757199652136715868
5395019285090881432974134616082857809009230393538936791785326541635614092677802085209349480842629447483087384592495097450479659457016141089259485238655390
8144233662304293731998279626117828802944276779203592742635618951972174222006324911032333726212566202644530438275145810803683657905253283444351669008599053
6077324181790715218726377144158802458156506595294726578285578734829968457244986577044463977800768766748081175345517263326132676346480115576690861141049938
8558065669952829362645415389347364411277814031963704276380614213712098100947050751456082538309220483676883269850004693820119867954225723234779607191757149
2870015865036119570895245707397973009767291331242280171462527674350380500218474614846532309963664916301613216382732304990558341721160063139392337145590070
0
5245446065017240709983613864471826877592380182333279655724363368113428071230080999215515849782022781967454835388749783549519596370315072830744919547763099
